1.90162
-0.686379
2.72909
-0.717700
2.44022
-0.848145
2.87294
-0.627733
2.53532
 -1.15549
2.53010
-0.832748
5.00000
 -1.32500
2.34690
-0.714265
2.90037
-0.789369
2.78995
-0.810464
3.22137
 -1.24466
5.00000
 -1.10000
3.28362
-0.555190
3.04730
-0.796407
.761983
 0.165525
2.66365
-0.906285
3.42330
-0.846289
3.64589
 -1.56214
1.94878
-0.753218
2.53330
 -1.16946
2.95395
-0.639995
2.80497
-0.887127
2.49313
-0.819148
3.30668
-0.893591
5.00000
-0.775000
5.00000
-0.950000
2.70456
-0.649470
7.50000
-0.983126
4.00041
-0.916610
2.48003
 -1.30139
2.79953
-0.972083
3.08596
-0.647981
2.21835
-0.663750
2.99454
-0.871729
5.00000
 -1.07500
3.73736
 -1.21579
2.73909
-0.864334
2.41948
-0.743970
2.60625
-0.877238
3.32102
 -1.00557
3.10157
 -1.08754
5.00000
 -1.05000
3.81629
-0.999906
5.00000
 -1.02500
2.62232
-0.953753
3.46713
-0.704949
1.40740
-0.172725
3.12333
 -1.14570
2.50450
-0.441123
3.87704
 -1.22606
3.01958
-0.779564
3.46951
-0.925105
3.62993
-0.544516
2.14489
-0.707734
3.22910
-0.914794
5.00000
-0.525000
5.00000
 -1.07500
2.52401
-0.773440
5.00000
 -1.00000
3.13382
 -1.17021
2.58474
 -1.00144
2.75789
-0.775694
1.84448
-0.245871
2.67868
-0.677610
2.68597
-0.768119
5.00000
 -1.15000
1.72023
-0.730828
2.66887
-0.921622
2.47999
-0.628587
2.63615
-0.710520
4.34209
 -1.15953
2.61353
-0.849046
3.31359
-0.691034
3.08543
 -1.09570
2.44851
-0.609462
5.00000
 -1.42500
2.82507
 -1.00972
.491873
0.0459090
2.60162
 -1.08581
2.87328
-0.800632
3.13382
-0.430286
1.56542
-0.458162
5.00000
-0.950000
5.00000
 -1.10000
3.31437
-0.899985
3.42228
-0.826328
1.76125
-0.326446
3.57776
 -1.03080
10.0000
 -10.0000
3.52633
-0.804134
5.00000
-0.875000
5.00000
-0.825000
2.71910
-0.703311
2.85497
-0.968481
5.00000
 -1.47500
3.13234
-0.904061
2.35877
-0.876974
1.35713
-0.163231
2.38887
-0.691320
2.93052
-0.966647
3.00064
-0.871381
5.00000
-0.900000
3.37511
-0.799995
2.82417
 -1.07289
2.47639
-0.830303
2.89160
-0.792037
3.43217
 -1.01269
2.52930
-0.673022
2.90694
-0.931883
4.42782
-0.951159
3.56560
-0.861459
2.54164
-0.373365
3.13176
-0.964659
3.04133
 -1.31365
2.64101
-0.792313
3.22977
-0.781489
2.02342
-0.627019
2.70396
-0.787174
2.64423
-0.979559
5.00000
 -1.00000